<?xml version="1.0" encoding="UTF-8"?><sporemodel>
  <formatversion>18</formatversion>
  <properties>
    <modeltype>0x9ea3031a</modeltype>
    <skineffect1>0xd48c8616</skineffect1>
    <skineffect2>0xa9dedc76</skineffect2>
    <skineffect3>0xc326143f</skineffect3>
    <skineffectseed1>1234</skineffectseed1>
    <skineffectseed2>1234</skineffectseed2>
    <skineffectseed3>1234</skineffectseed3>
    <skincolor1>0.866666,0.600000,0.235293</skincolor1>
    <skincolor2>1,0.949020,0.482353</skincolor2>
    <skincolor3>0.949019,0.905882,0.427451</skincolor3>
    <zcorpscore>0</zcorpscore>
  </properties>
  <blocks count="50">
    <blockref>
      <blockid>0x40626000, 0xd05c53a3</blockid>
      <transform>
        <scale>0.702102</scale>
        <position>0,0.578025,0.846869</position>
        <triangledirection>0,0.948555,-0.316610</triangledirection>
        <trianglepickorigin>0,0,0</trianglepickorigin>
        <orientation>
          <row0>1,0,0</row0>
          <row1>0,0.948555,-0.316610</row1>
          <row2>0,0.316610,0.948555</row2>
        </orientation>
      </transform>
      <snapped>false</snapped>
      <childlist count="1">
        <childid>1</childid>
      </childlist>
      <isasymmetric>false</isasymmetric>
    </blockref>
    <blockref>
      <blockid>0x40626000, 0xd05c53a3</blockid>
      <transform>
        <scale>0.582964</scale>
        <position>0,0.676240,0.801367</position>
        <triangledirection>0,0.854851,-0.518872</triangledirection>
        <trianglepickorigin>0,0,0</trianglepickorigin>
        <orientation>
          <row0>1,0,0</row0>
          <row1>0,0.854851,-0.518872</row1>
          <row2>0,0.518872,0.854851</row2>
        </orientation>
      </transform>
      <snapped>false</snapped>
      <childlist count="1">
        <childid>2</childid>
      </childlist>
      <isasymmetric>false</isasymmetric>
    </blockref>
    <blockref>
      <blockid>0x40626000, 0xd05c53a3</blockid>
      <transform>
        <scale>0.280000</scale>
        <position>0,0.776749,0.749522</position>
        <triangledirection>0,0.918341,-0.395787</triangledirection>
        <trianglepickorigin>0,0,0</trianglepickorigin>
        <orientation>
          <row0>1,0,0</row0>
          <row1>0,0.918341,-0.395787</row1>
          <row2>0,0.395787,0.918341</row2>
        </orientation>
      </transform>
      <snapped>false</snapped>
      <childlist count="1">
        <childid>3</childid>
      </childlist>
      <isasymmetric>false</isasymmetric>
    </blockref>
    <blockref>
      <blockid>0x40626000, 0xd05c53a3</blockid>
      <transform>
        <scale>0.280000</scale>
        <position>0,0.889228,0.748123</position>
        <triangledirection>0,0.927906,0.372812</triangledirection>
        <trianglepickorigin>0,0,0</trianglepickorigin>
        <orientation>
          <row0>1,0,0</row0>
          <row1>0,0.927906,0.372812</row1>
          <row2>0,-0.372812,0.927906</row2>
        </orientation>
      </transform>
      <snapped>false</snapped>
      <childlist count="1">
        <childid>8</childid>
      </childlist>
      <isasymmetric>false</isasymmetric>
    </blockref>
    <blockref>
      <blockid>0x40626000, 0xd05c53a3</blockid>
      <transform>
        <scale>0.700854</scale>
        <position>0,0.471959,0.871582</position>
        <triangledirection>0,0.990808,-0.135271</triangledirection>
        <trianglepickorigin>0,0,0</trianglepickorigin>
        <orientation>
          <row0>0.999998,0,0</row0>
          <row1>0,0.990808,-0.135271</row1>
          <row2>0,0.135271,0.990808</row2>
        </orientation>
      </transform>
      <snapped>false</snapped>
      <childlist count="1">
        <childid>0</childid>
      </childlist>
      <isasymmetric>false</isasymmetric>
    </blockref>
    <blockref>
      <blockid>0x40626000, 0xd05c53a3</blockid>
      <transform>
        <scale>1.067070</scale>
        <position>0,0.361896,0.881963</position>
        <triangledirection>0,0.998627,-0.0523741</triangledirection>
        <trianglepickorigin>0,0,0</trianglepickorigin>
        <orientation>
          <row0>1,0,0</row0>
          <row1>0,0.998627,-0.0523741</row1>
          <row2>0,0.0523741,0.998627</row2>
        </orientation>
      </transform>
      <snapped>false</snapped>
      <childlist count="1">
        <childid>4</childid>
      </childlist>
      <isasymmetric>false</isasymmetric>
    </blockref>
    <blockref>
      <blockid>0x40626000, 0xd05c53a3</blockid>
      <transform>
        <scale>1.150164</scale>
        <position>0,0.252809,0.878283</position>
        <triangledirection>0,0.992825,0.119575</triangledirection>
        <trianglepickorigin>0,0,0</trianglepickorigin>
        <orientation>
          <row0>1,0,0</row0>
          <row1>0,0.992825,0.119575</row1>
          <row2>0,-0.119575,0.992825</row2>
        </orientation>
      </transform>
      <snapped>false</snapped>
      <childlist count="1">
        <childid>5</childid>
      </childlist>
      <isasymmetric>false</isasymmetric>
    </blockref>
    <blockref>
      <blockid>0x40626000, 0xd05c53a3</blockid>
      <transform>
        <scale>1.568323</scale>
        <position>0,0.141750,0.865491</position>
        <triangledirection>0,0.994010,0.109285</triangledirection>
        <trianglepickorigin>0,0,0</trianglepickorigin>
        <orientation>
          <row0>1,0,0</row0>
          <row1>0,0.994010,0.109285</row1>
          <row2>0,-0.109285,0.994010</row2>
        </orientation>
      </transform>
      <snapped>false</snapped>
      <childlist count="8">
        <childid>47</childid>
        <childid>44</childid>
        <childid>39</childid>
        <childid>37</childid>
        <childid>34</childid>
        <childid>33</childid>
        <childid>13</childid>
        <childid>6</childid>
      </childlist>
      <isasymmetric>false</isasymmetric>
    </blockref>
    <blockref>
      <blockid>0x40626000, 0xd05c53a3</blockid>
      <transform>
        <scale>0.280000</scale>
        <position>0,0.985005,0.810478</position>
        <triangledirection>0,0.716353,0.697736</triangledirection>
        <trianglepickorigin>0,0,0</trianglepickorigin>
        <orientation>
          <row0>1,0,0</row0>
          <row1>0,0.716353,0.697736</row1>
          <row2>0,-0.697736,0.716353</row2>
        </orientation>
      </transform>
      <snapped>false</snapped>
      <childlist count="1">
        <childid>9</childid>
      </childlist>
      <isasymmetric>false</isasymmetric>
    </blockref>
    <blockref>
      <blockid>0x40626000, 0xd05c53a3</blockid>
      <transform>
        <scale>0.280000</scale>
        <position>0,1.049332,0.904958</position>
        <triangledirection>0,0.386667,0.922217</triangledirection>
        <trianglepickorigin>0,0,0</trianglepickorigin>
        <orientation>
          <row0>1,0,0</row0>
          <row1>0,0.386667,0.922217</row1>
          <row2>0,-0.922217,0.386667</row2>
        </orientation>
      </transform>
      <snapped>false</snapped>
      <childlist count="1">
        <childid>10</childid>
      </childlist>
      <isasymmetric>false</isasymmetric>
    </blockref>
    <blockref>
      <blockid>0x40626000, 0xd05c53a3</blockid>
      <transform>
        <scale>0.543417</scale>
        <position>0,1.094300,1.006628</position>
        <triangledirection>0,0.422145,0.906527</triangledirection>
        <trianglepickorigin>0,0,0</trianglepickorigin>
        <orientation>
          <row0>1,0,0</row0>
          <row1>0,0.422145,0.906527</row1>
          <row2>0,-0.906527,0.422145</row2>
        </orientation>
      </transform>
      <snapped>false</snapped>
      <childlist count="1">
        <childid>11</childid>
      </childlist>
      <isasymmetric>false</isasymmetric>
    </blockref>
    <blockref>
      <blockid>0x40626000, 0xd05c53a3</blockid>
      <transform>
        <scale>0.667265</scale>
        <position>0,1.141167,1.108062</position>
        <triangledirection>0,0.416747,0.909021</triangledirection>
        <trianglepickorigin>0,0,0</trianglepickorigin>
        <orientation>
          <row0>1,0,0</row0>
          <row1>0,0.416747,0.909021</row1>
          <row2>0,-0.909021,0.416747</row2>
        </orientation>
      </transform>
      <snapped>false</snapped>
      <childlist count="1">
        <childid>12</childid>
      </childlist>
      <isasymmetric>false</isasymmetric>
    </blockref>
    <blockref>
      <blockid>0x40626000, 0xd05c53a3</blockid>
      <transform>
        <scale>0.554799</scale>
        <position>0,1.194208,1.203855</position>
        <triangledirection>0,0.549232,0.835668</triangledirection>
        <trianglepickorigin>0,0,0</trianglepickorigin>
        <orientation>
          <row0>1,0,0</row0>
          <row1>0,0.549232,0.835668</row1>
          <row2>0,-0.835668,0.549232</row2>
        </orientation>
      </transform>
      <snapped>false</snapped>
      <childlist count="1">
        <childid>41</childid>
      </childlist>
      <isasymmetric>false</isasymmetric>
    </blockref>
    <blockref>
      <blockid>0x40626000, 0xd621ad4b</blockid>
      <transform>
        <limbtype>1</limbtype>
        <musclescale>0.275000</musclescale>
        <basemusclescale>0.5</basemusclescale>
        <scale>1</scale>
        <position>0,-0.168861,0.665522</position>
        <triangledirection>0,0.0857596,-0.996315</triangledirection>
        <trianglepickorigin>0,0,0</trianglepickorigin>
        <orientation>
          <row0>-1,0,0</row0>
          <row1>0,0.0857596,-0.996315</row1>
          <row2>0,-0.996315,-0.0857596</row2>
        </orientation>
      </transform>
      <snapped>false</snapped>
      <childlist count="1">
        <childid>14</childid>
      </childlist>
      <handles count="1">
        <weight channel="0xf320ba37">0.0894865</weight>
      </handles>
      <isasymmetric>false</isasymmetric>
    </blockref>
    <blockref>
      <blockid>0x40626000, 0xd621ad4b</blockid>
      <transform>
        <limbtype>1</limbtype>
        <musclescale>1</musclescale>
        <basemusclescale>0.650000</basemusclescale>
        <scale>1</scale>
        <position>0,-0.194616,0.964743</position>
        <triangledirection>0,0.957776,-0.287514</triangledirection>
        <trianglepickorigin>0,0,0</trianglepickorigin>
        <orientation>
          <row0>-1,0,0</row0>
          <row1>0,0.957776,-0.287514</row1>
          <row2>0,-0.287514,-0.957776</row2>
        </orientation>
      </transform>
      <snapped>true</snapped>
      <childlist count="1">
        <childid>15</childid>
      </childlist>
      <handles count="1">
        <weight channel="0xf320ba37">0.0434883</weight>
      </handles>
      <isasymmetric>false</isasymmetric>
    </blockref>
    <blockref>
      <blockid>0x40626000, 0xd621ad4b</blockid>
      <transform>
        <limbtype>1</limbtype>
        <musclescale>0.275000</musclescale>
        <basemusclescale>0.892805</basemusclescale>
        <scale>1</scale>
        <position>0,-0.351638,1.011878</position>
        <triangledirection>0,0.00606085,0.999980</triangledirection>
        <trianglepickorigin>0,0,0</trianglepickorigin>
        <orientation>
          <row0>-1,0,0</row0>
          <row1>0,0.00606085,0.999980</row1>
          <row2>0,0.999980,-0.00606085</row2>
        </orientation>
      </transform>
      <snapped>true</snapped>
      <childlist count="1">
        <childid>16</childid>
      </childlist>
      <handles count="1">
        <weight channel="0xf320ba37">0.111174</weight>
      </handles>
      <isasymmetric>false</isasymmetric>
    </blockref>
    <blockref>
      <blockid>0x40626000, 0xd621ad4b</blockid>
      <transform>
        <limbtype>1</limbtype>
        <musclescale>1</musclescale>
        <basemusclescale>0.650000</basemusclescale>
        <scale>1</scale>
        <position>0,-0.353848,0.647253</position>
        <triangledirection>0,0.974417,0.224746</triangledirection>
        <trianglepickorigin>0,0,0</trianglepickorigin>
        <orientation>
          <row0>1,0,0</row0>
          <row1>0,0.974417,0.224746</row1>
          <row2>0,-0.224746,0.974417</row2>
        </orientation>
      </transform>
      <snapped>true</snapped>
      <childlist count="1">
        <childid>17</childid>
      </childlist>
      <handles count="1">
        <weight channel="0xf320ba37">0.0444204</weight>
      </handles>
      <isasymmetric>false</isasymmetric>
    </blockref>
    <blockref>
      <blockid>0x40626000, 0xd621ad4b</blockid>
      <transform>
        <limbtype>1</limbtype>
        <musclescale>0.275000</musclescale>
        <basemusclescale>0.892805</basemusclescale>
        <scale>1</scale>
        <position>0,-0.516289,0.609786</position>
        <triangledirection>0,0.145360,-0.989377</triangledirection>
        <trianglepickorigin>0,0,0</trianglepickorigin>
        <orientation>
          <row0>1,0,0</row0>
          <row1>0,0.145360,-0.989377</row1>
          <row2>0,0.989377,0.145360</row2>
        </orientation>
      </transform>
      <snapped>true</snapped>
      <childlist count="1">
        <childid>18</childid>
      </childlist>
      <handles count="1">
        <weight channel="0xf320ba37">0.121997</weight>
      </handles>
      <isasymmetric>false</isasymmetric>
    </blockref>
    <blockref>
      <blockid>0x40626000, 0xd621ad4b</blockid>
      <transform>
        <limbtype>1</limbtype>
        <musclescale>1</musclescale>
        <basemusclescale>0.650000</basemusclescale>
        <scale>1</scale>
        <position>0,-0.573957,1.002295</position>
        <triangledirection>0,0.998755,0.0498717</triangledirection>
        <trianglepickorigin>0,0,0</trianglepickorigin>
        <orientation>
          <row0>-1,0,0</row0>
          <row1>0,0.998755,0.0498717</row1>
          <row2>0,0.0498717,-0.998755</row2>
        </orientation>
      </transform>
      <snapped>true</snapped>
      <childlist count="1">
        <childid>19</childid>
      </childlist>
      <handles count="1">
        <weight channel="0xf320ba37">0.0332414</weight>
      </handles>
      <isasymmetric>false</isasymmetric>
    </blockref>
    <blockref>
      <blockid>0x40626000, 0xd621ad4b</blockid>
      <transform>
        <limbtype>1</limbtype>
        <musclescale>0.275000</musclescale>
        <basemusclescale>0.892805</basemusclescale>
        <scale>1</scale>
        <position>0,-0.707352,0.995634</position>
        <triangledirection>0,0.107145,0.994242</triangledirection>
        <trianglepickorigin>0,0,0</trianglepickorigin>
        <orientation>
          <row0>-1,0,0</row0>
          <row1>0,0.107145,0.994242</row1>
          <row2>0,0.994242,-0.107145</row2>
        </orientation>
      </transform>
      <snapped>true</snapped>
      <childlist count="1">
        <childid>20</childid>
      </childlist>
      <handles count="1">
        <weight channel="0xf320ba37">0.137013</weight>
      </handles>
      <isasymmetric>false</isasymmetric>
    </blockref>
    <blockref>
      <blockid>0x40626000, 0xd621ad4b</blockid>
      <transform>
        <limbtype>1</limbtype>
        <musclescale>1</musclescale>
        <basemusclescale>0.650000</basemusclescale>
        <scale>1</scale>
        <position>0,-0.754630,0.556926</position>
        <triangledirection>0,0.967158,0.254175</triangledirection>
        <trianglepickorigin>0,0,0</trianglepickorigin>
        <orientation>
          <row0>1,0,0</row0>
          <row1>0,0.967158,0.254175</row1>
          <row2>0,-0.254175,0.967158</row2>
        </orientation>
      </transform>
      <snapped>true</snapped>
      <childlist count="1">
        <childid>21</childid>
      </childlist>
      <handles count="1">
        <weight channel="0xf320ba37">0.0341743</weight>
      </handles>
      <isasymmetric>false</isasymmetric>
    </blockref>
    <blockref>
      <blockid>0x40626000, 0xd621ad4b</blockid>
      <transform>
        <limbtype>1</limbtype>
        <musclescale>0.275000</musclescale>
        <basemusclescale>0.892805</basemusclescale>
        <scale>1</scale>
        <position>0,-0.886479,0.522275</position>
        <triangledirection>0,0.0857599,-0.996315</triangledirection>
        <trianglepickorigin>0,0,0</trianglepickorigin>
        <orientation>
          <row0>1,0,0</row0>
          <row1>0,0.0857599,-0.996315</row1>
          <row2>0,0.996315,0.0857599</row2>
        </orientation>
      </transform>
      <snapped>true</snapped>
      <childlist count="1">
        <childid>22</childid>
      </childlist>
      <handles count="1">
        <weight channel="0xf320ba37">0.0894863</weight>
      </handles>
      <isasymmetric>false</isasymmetric>
    </blockref>
    <blockref>
      <blockid>0x40626000, 0xd621ad4b</blockid>
      <transform>
        <limbtype>1</limbtype>
        <musclescale>1</musclescale>
        <basemusclescale>0.650000</basemusclescale>
        <scale>1</scale>
        <position>0,-0.912236,0.821496</position>
        <triangledirection>0,0.957778,-0.287501</triangledirection>
        <trianglepickorigin>0,0,0</trianglepickorigin>
        <orientation>
          <row0>-1,0,0</row0>
          <row1>0,0.957778,-0.287501</row1>
          <row2>0,-0.287501,-0.957778</row2>
        </orientation>
      </transform>
      <snapped>true</snapped>
      <childlist count="1">
        <childid>23</childid>
      </childlist>
      <handles count="1">
        <weight channel="0xf320ba37">0.0434881</weight>
      </handles>
      <isasymmetric>false</isasymmetric>
    </blockref>
    <blockref>
      <blockid>0x40626000, 0xd621ad4b</blockid>
      <transform>
        <limbtype>1</limbtype>
        <musclescale>0.275000</musclescale>
        <basemusclescale>0.892805</basemusclescale>
        <scale>1</scale>
        <position>0,-1.069257,0.868631</position>
        <triangledirection>0,0.00606097,0.999980</triangledirection>
        <trianglepickorigin>0,0,0</trianglepickorigin>
        <orientation>
          <row0>-1,0,0</row0>
          <row1>0,0.00606097,0.999980</row1>
          <row2>0,0.999980,-0.00606097</row2>
        </orientation>
      </transform>
      <snapped>true</snapped>
      <childlist count="1">
        <childid>24</childid>
      </childlist>
      <handles count="1">
        <weight channel="0xf320ba37">0.111173</weight>
      </handles>
      <isasymmetric>false</isasymmetric>
    </blockref>
    <blockref>
      <blockid>0x40626000, 0xd621ad4b</blockid>
      <transform>
        <limbtype>1</limbtype>
        <musclescale>1</musclescale>
        <basemusclescale>0.650000</basemusclescale>
        <scale>1</scale>
        <position>0,-1.071467,0.504006</position>
        <triangledirection>0,0.974415,0.224752</triangledirection>
        <trianglepickorigin>0,0,0</trianglepickorigin>
        <orientation>
          <row0>1,0,0</row0>
          <row1>0,0.974415,0.224752</row1>
          <row2>0,-0.224752,0.974415</row2>
        </orientation>
      </transform>
      <snapped>true</snapped>
      <childlist count="1">
        <childid>25</childid>
      </childlist>
      <handles count="1">
        <weight channel="0xf320ba37">0.0444204</weight>
      </handles>
      <isasymmetric>false</isasymmetric>
    </blockref>
    <blockref>
      <blockid>0x40626000, 0xd621ad4b</blockid>
      <transform>
        <limbtype>1</limbtype>
        <musclescale>0.275000</musclescale>
        <basemusclescale>0.892805</basemusclescale>
        <scale>1</scale>
        <position>0,-1.233910,0.466539</position>
        <triangledirection>0,0.145360,-0.989377</triangledirection>
        <trianglepickorigin>0,0,0</trianglepickorigin>
        <orientation>
          <row0>1,0,0</row0>
          <row1>0,0.145360,-0.989377</row1>
          <row2>0,0.989377,0.145360</row2>
        </orientation>
      </transform>
      <snapped>true</snapped>
      <childlist count="1">
        <childid>26</childid>
      </childlist>
      <handles count="1">
        <weight channel="0xf320ba37">0.121998</weight>
      </handles>
      <isasymmetric>false</isasymmetric>
    </blockref>
    <blockref>
      <blockid>0x40626000, 0xd621ad4b</blockid>
      <transform>
        <limbtype>1</limbtype>
        <musclescale>1</musclescale>
        <basemusclescale>0.650000</basemusclescale>
        <scale>1</scale>
        <position>0,-1.291578,0.859051</position>
        <triangledirection>0,0.998754,0.0498881</triangledirection>
        <trianglepickorigin>0,0,0</trianglepickorigin>
        <orientation>
          <row0>-1,0,0</row0>
          <row1>0,0.998754,0.0498881</row1>
          <row2>0,0.0498881,-0.998754</row2>
        </orientation>
      </transform>
      <snapped>true</snapped>
      <childlist count="1">
        <childid>27</childid>
      </childlist>
      <handles count="1">
        <weight channel="0xf320ba37">0.0332414</weight>
      </handles>
      <isasymmetric>false</isasymmetric>
    </blockref>
    <blockref>
      <blockid>0x40626000, 0xd621ad4b</blockid>
      <transform>
        <limbtype>1</limbtype>
        <musclescale>0.275000</musclescale>
        <basemusclescale>0.892805</basemusclescale>
        <scale>1</scale>
        <position>0,-1.424972,0.852386</position>
        <triangledirection>0,0.107146,0.994242</triangledirection>
        <trianglepickorigin>0,0,0</trianglepickorigin>
        <orientation>
          <row0>-1,0,0</row0>
          <row1>0,0.107146,0.994242</row1>
          <row2>0,0.994242,-0.107146</row2>
        </orientation>
      </transform>
      <snapped>true</snapped>
      <childlist count="1">
        <childid>28</childid>
      </childlist>
      <handles count="1">
        <weight channel="0xf320ba37">0.137013</weight>
      </handles>
      <isasymmetric>false</isasymmetric>
    </blockref>
    <blockref>
      <blockid>0x40626000, 0xd621ad4b</blockid>
      <transform>
        <limbtype>1</limbtype>
        <musclescale>1</musclescale>
        <basemusclescale>0.650000</basemusclescale>
        <scale>1</scale>
        <position>0,-1.472250,0.413681</position>
        <triangledirection>0,0.475443,0.879745</triangledirection>
        <trianglepickorigin>0,0,0</trianglepickorigin>
        <orientation>
          <row0>1,0,0</row0>
          <row1>0,0.475443,0.879745</row1>
          <row2>0,-0.879745,0.475443</row2>
        </orientation>
      </transform>
      <snapped>true</snapped>
      <childlist count="2">
        <childid>30</childid>
        <childid>29</childid>
      </childlist>
      <handles count="1">
        <weight channel="0xf320ba37">0</weight>
      </handles>
      <isasymmetric>false</isasymmetric>
    </blockref>
    <blockref>
      <blockid>0x40626000, 0xa077208c</blockid>
      <transform>
        <basemusclescale>0.892805</basemusclescale>
        <scale>1</scale>
        <position>0,-1.488891,0.382890</position>
        <triangledirection>0,0.475443,0.879746</triangledirection>
        <trianglepickorigin>0,0,0</trianglepickorigin>
        <orientation>
          <row0>0,-0.879746,0.475443</row0>
          <row1>0,0.475443,0.879746</row1>
          <row2>-1,0,0</row2>
        </orientation>
      </transform>
      <snapped>true</snapped>
      <isasymmetric>false</isasymmetric>
    </blockref>
    <blockref>
      <blockid>0x40626000, 0x22e28993</blockid>
      <transform>
        <scale>1</scale>
        <position>0,-1.515188,0.358453</position>
        <triangledirection>0,0.613757,0.789493</triangledirection>
        <trianglepickorigin>0,0,0</trianglepickorigin>
        <orientation>
          <row0>1,0,0</row0>
          <row1>0,0.613757,0.789493</row1>
          <row2>0,-0.789493,0.613757</row2>
        </orientation>
      </transform>
      <snapped>false</snapped>
      <childlist count="4">
        <childid>43</childid>
        <childid>42</childid>
        <childid>32</childid>
        <childid>31</childid>
      </childlist>
      <handles count="3">
        <weight channel="0x2e6521f4">0.404883</weight>
        <weight channel="0x7cc96c02">0.5</weight>
        <weight channel="0xd02751de">0.5</weight>
      </handles>
      <isasymmetric>false</isasymmetric>
    </blockref>
    <blockref>
      <blockid>0x40626000, 0x5456571b</blockid>
      <transform>
        <scale>1</scale>
        <position>-0.0748142,-1.583752,0.381176</position>
        <triangledirection>0.873363,0.469255,0.130499</triangledirection>
        <trianglepickorigin>0,0,0</trianglepickorigin>
        <orientation>
          <row0>0.449378,-0.747735,-0.488822</row0>
          <row1>0.871201,0.487877,0.0546139</row1>
          <row2>0.197647,-0.450405,0.870671</row2>
        </orientation>
        <userorientation>
          <userorientation_row0>0.999522,0.0237430,-0.0197899</userorientation_row0>
          <userorientation_row1>-0.0221988,0.996941,0.0748861</userorientation_row1>
          <userorientation_row2>0.0215072,-0.0744110,0.996992</userorientation_row2>
        </userorientation>
      </transform>
      <snapped>false</snapped>
      <symmetric>32</symmetric>
      <isasymmetric>false</isasymmetric>
    </blockref>
    <blockref>
      <blockid>0x40626000, 0xbda70e3d</blockid>
      <transform>
        <scale>1</scale>
        <position>0.0748139,-1.614863,0.323607</position>
        <triangledirection>-0.873363,0.469256,0.130499</triangledirection>
        <trianglepickorigin>0,0,0</trianglepickorigin>
        <orientation>
          <row0>0.449379,0.747735,0.488822</row0>
          <row1>-0.871200,0.487877,0.0546137</row1>
          <row2>-0.197647,-0.450405,0.870671</row2>
        </orientation>
        <userorientation>
          <userorientation_row0>0.999522,-0.0237430,0.0197899</userorientation_row0>
          <userorientation_row1>0.0221988,0.996941,0.0748861</userorientation_row1>
          <userorientation_row2>-0.0215072,-0.0744110,0.996992</userorientation_row2>
        </userorientation>
      </transform>
      <snapped>false</snapped>
      <symmetric>31</symmetric>
      <isasymmetric>false</isasymmetric>
    </blockref>
    <blockref>
      <blockid>0x40626000, 0x33fccc91</blockid>
      <transform>
        <limbtype>1</limbtype>
        <musclescale>0.174998</musclescale>
        <basemusclescale>1.100000</basemusclescale>
        <scale>1</scale>
        <position>-0.126991,0.0632949,0.316583</position>
        <triangledirection>0.539062,-0.0454299,0.841039</triangledirection>
        <trianglepickorigin>0,0,0</trianglepickorigin>
        <orientation>
          <row0>0.0839779,0.996466,7.45058e-9</row0>
          <row1>0.539062,-0.0454299,0.841039</row1>
          <row2>0.838068,-0.0706287,-0.540972</row2>
        </orientation>
      </transform>
      <snapped>false</snapped>
      <childlist count="1">
        <childid>35</childid>
      </childlist>
      <symmetric>34</symmetric>
      <handles count="1">
        <weight channel="0xf320ba37">0.0380162</weight>
      </handles>
      <isasymmetric>false</isasymmetric>
    </blockref>
    <blockref>
      <blockid>0x40626000, 0x33fccc91</blockid>
      <transform>
        <limbtype>1</limbtype>
        <musclescale>0.174998</musclescale>
        <basemusclescale>1.100000</basemusclescale>
        <scale>1</scale>
        <position>0.126991,0.0632949,0.316583</position>
        <triangledirection>-0.539062,-0.0454299,0.841039</triangledirection>
        <trianglepickorigin>0,0,0</trianglepickorigin>
        <orientation>
          <row0>0.0839779,-0.996466,-7.45058e-9</row0>
          <row1>-0.539062,-0.0454299,0.841039</row1>
          <row2>-0.838068,-0.0706287,-0.540972</row2>
        </orientation>
      </transform>
      <snapped>false</snapped>
      <childlist count="1">
        <childid>36</childid>
      </childlist>
      <symmetric>33</symmetric>
      <handles count="1">
        <weight channel="0xf320ba37">0.0380162</weight>
      </handles>
      <isasymmetric>false</isasymmetric>
    </blockref>
    <blockref>
      <blockid>0x40626000, 0xa077208c</blockid>
      <transform>
        <basemusclescale>1.062286</basemusclescale>
        <scale>1</scale>
        <position>-0.206619,0.0700056,0.192347</position>
        <triangledirection>0.539062,-0.0454299,0.841039</triangledirection>
        <trianglepickorigin>0,0,0</trianglepickorigin>
        <orientation>
          <row0>-0.0396995,-0.998805,-0.0285063</row0>
          <row1>0.539062,-0.0454299,0.841039</row1>
          <row2>-0.841329,0.0180220,0.540222</row2>
        </orientation>
      </transform>
      <snapped>true</snapped>
      <symmetric>36</symmetric>
      <isasymmetric>false</isasymmetric>
    </blockref>
    <blockref>
      <blockid>0x40626000, 0xa077208c</blockid>
      <transform>
        <basemusclescale>1.062286</basemusclescale>
        <scale>1</scale>
        <position>0.206619,0.0700056,0.192347</position>
        <triangledirection>-0.539062,-0.0454299,0.841039</triangledirection>
        <trianglepickorigin>0,0,0</trianglepickorigin>
        <orientation>
          <row0>-0.0396995,0.998805,0.0285063</row0>
          <row1>-0.539062,-0.0454299,0.841039</row1>
          <row2>0.841329,0.0180220,0.540222</row2>
        </orientation>
      </transform>
      <snapped>true</snapped>
      <symmetric>35</symmetric>
      <isasymmetric>false</isasymmetric>
    </blockref>
    <blockref>
      <blockid>0x40626000, 0x33fccc91</blockid>
      <transform>
        <limbtype>1</limbtype>
        <musclescale>0.174998</musclescale>
        <basemusclescale>1.100000</basemusclescale>
        <scale>1</scale>
        <position>-0.112593,0.373102,0.363765</position>
        <triangledirection>0.686092,0.108024,0.719447</triangledirection>
        <trianglepickorigin>0,0,0</trianglepickorigin>
        <orientation>
          <row0>-0.155533,0.987829,7.45058e-9</row0>
          <row1>0.686092,0.108024,0.719447</row1>
          <row2>0.710692,0.111899,-0.694545</row2>
        </orientation>
      </transform>
      <snapped>false</snapped>
      <childlist count="1">
        <childid>38</childid>
      </childlist>
      <symmetric>39</symmetric>
      <handles count="1">
        <weight channel="0xf320ba37">0.0541313</weight>
      </handles>
      <isasymmetric>false</isasymmetric>
    </blockref>
    <blockref>
      <blockid>0x40626000, 0xa077208c</blockid>
      <transform>
        <basemusclescale>1.062286</basemusclescale>
        <scale>1</scale>
        <position>-0.246723,0.351983,0.223113</position>
        <triangledirection>0.686092,0.108024,0.719447</triangledirection>
        <trianglepickorigin>0,0,0</trianglepickorigin>
        <orientation>
          <row0>0.109203,-0.993002,0.0449593</row0>
          <row1>0.686092,0.108024,0.719447</row1>
          <row2>-0.719270,-0.0477201,0.693087</row2>
        </orientation>
      </transform>
      <snapped>true</snapped>
      <symmetric>40</symmetric>
      <isasymmetric>false</isasymmetric>
    </blockref>
    <blockref>
      <blockid>0x40626000, 0x33fccc91</blockid>
      <transform>
        <limbtype>1</limbtype>
        <musclescale>0.174998</musclescale>
        <basemusclescale>1.100000</basemusclescale>
        <scale>1</scale>
        <position>0.112593,0.373102,0.363765</position>
        <triangledirection>-0.686092,0.108024,0.719447</triangledirection>
        <trianglepickorigin>0,0,0</trianglepickorigin>
        <orientation>
          <row0>-0.155533,-0.987829,-7.45058e-9</row0>
          <row1>-0.686092,0.108024,0.719447</row1>
          <row2>-0.710692,0.111899,-0.694545</row2>
        </orientation>
      </transform>
      <snapped>false</snapped>
      <childlist count="1">
        <childid>40</childid>
      </childlist>
      <symmetric>37</symmetric>
      <handles count="1">
        <weight channel="0xf320ba37">0.0541313</weight>
      </handles>
      <isasymmetric>false</isasymmetric>
    </blockref>
    <blockref>
      <blockid>0x40626000, 0xa077208c</blockid>
      <transform>
        <basemusclescale>1.062286</basemusclescale>
        <scale>1</scale>
        <position>0.246723,0.351983,0.223113</position>
        <triangledirection>-0.686092,0.108024,0.719447</triangledirection>
        <trianglepickorigin>0,0,0</trianglepickorigin>
        <orientation>
          <row0>0.109203,0.993002,-0.0449593</row0>
          <row1>-0.686092,0.108024,0.719447</row1>
          <row2>0.719270,-0.0477201,0.693087</row2>
        </orientation>
      </transform>
      <snapped>true</snapped>
      <symmetric>38</symmetric>
      <isasymmetric>false</isasymmetric>
    </blockref>
    <blockref>
      <blockid>0x40626000, 0x245b71fc</blockid>
      <transform>
        <scale>1</scale>
        <position>0,1.298714,1.254328</position>
        <triangledirection>0,-0.292807,-0.956171</triangledirection>
        <trianglepickorigin>0,0,0</trianglepickorigin>
        <orientation>
          <row0>1,0,0</row0>
          <row1>0,-0.292807,-0.956171</row1>
          <row2>0,0.956171,-0.292807</row2>
        </orientation>
      </transform>
      <snapped>false</snapped>
      <handles count="1">
        <weight channel="0xd02751de">0.316007</weight>
      </handles>
      <isasymmetric>false</isasymmetric>
    </blockref>
    <blockref>
      <blockid>0x40626000, 0x1d2aa932</blockid>
      <transform>
        <scale>1</scale>
        <position>0,-1.597810,0.464645</position>
        <triangledirection>0.832296,0.474128,-0.287189</triangledirection>
        <trianglepickorigin>0,0,0</trianglepickorigin>
        <orientation>
          <row0>1,0,0</row0>
          <row1>0,0.855326,-0.518088</row1>
          <row2>0,0.518088,0.855326</row2>
        </orientation>
        <userorientation>
          <userorientation_row0>8.94066e-8,3.55271e-15,-1</userorientation_row0>
          <userorientation_row1>0.832296,0.554326,7.44130e-8</userorientation_row1>
          <userorientation_row2>0.554326,-0.832296,4.95606e-8</userorientation_row2>
        </userorientation>
      </transform>
      <snapped>false</snapped>
      <symmetric>43</symmetric>
      <handles count="1">
        <weight channel="0xd02751de">1.36013e-16</weight>
      </handles>
      <isasymmetric>false</isasymmetric>
    </blockref>
    <blockref>
      <blockid>0x40626000, 0xe7360af4</blockid>
      <transform>
        <scale>1</scale>
        <position>0,-1.628923,0.407075</position>
        <triangledirection>-0.832296,0.474128,-0.287189</triangledirection>
        <trianglepickorigin>0,0,0</trianglepickorigin>
        <orientation>
          <row0>1,0,0</row0>
          <row1>0,0.855326,-0.518088</row1>
          <row2>0,0.518088,0.855326</row2>
        </orientation>
        <userorientation>
          <userorientation_row0>8.94066e-8,-3.55271e-15,1</userorientation_row0>
          <userorientation_row1>-0.832296,0.554326,7.44130e-8</userorientation_row1>
          <userorientation_row2>-0.554326,-0.832296,4.95606e-8</userorientation_row2>
        </userorientation>
      </transform>
      <snapped>false</snapped>
      <symmetric>42</symmetric>
      <handles count="1">
        <weight channel="0xd02751de">1.36013e-16</weight>
      </handles>
      <isasymmetric>false</isasymmetric>
    </blockref>
    <blockref>
      <blockid>0x40626000, 0xd621ad4b</blockid>
      <transform>
        <limbtype>1</limbtype>
        <musclescale>0.275000</musclescale>
        <basemusclescale>0.5</basemusclescale>
        <scale>1</scale>
        <position>-0.333874,0.136105,0.689212</position>
        <triangledirection>0.839248,0.0378764,0.542425</triangledirection>
        <trianglepickorigin>0,0,0</trianglepickorigin>
        <orientation>
          <row0>0.278483,0.826862,-0.488614</row0>
          <row1>0.839248,0.0378764,0.542425</row1>
          <row2>0.467018,-0.561126,-0.683396</row2>
        </orientation>
      </transform>
      <snapped>false</snapped>
      <childlist count="1">
        <childid>45</childid>
      </childlist>
      <symmetric>47</symmetric>
      <handles count="1">
        <weight channel="0xf320ba37">0.0808547</weight>
      </handles>
      <isasymmetric>false</isasymmetric>
    </blockref>
    <blockref>
      <blockid>0x40626000, 0xd621ad4b</blockid>
      <transform>
        <limbtype>1</limbtype>
        <musclescale>1</musclescale>
        <basemusclescale>0.650000</basemusclescale>
        <scale>1</scale>
        <position>-0.564445,0.125698,0.540189</position>
        <triangledirection>-0.0148423,0.512382,0.858628</triangledirection>
        <trianglepickorigin>0,0,0</trianglepickorigin>
        <orientation>
          <row0>0.278483,0.826862,-0.488614</row0>
          <row1>-0.0148423,0.512382,0.858628</row1>
          <row2>0.960326,-0.231862,0.154963</row2>
        </orientation>
      </transform>
      <snapped>true</snapped>
      <childlist count="1">
        <childid>46</childid>
      </childlist>
      <symmetric>48</symmetric>
      <handles count="1">
        <weight channel="0xf320ba37">0.0703619</weight>
      </handles>
      <isasymmetric>false</isasymmetric>
    </blockref>
    <blockref>
      <blockid>0x40626000, 0xe53af88e</blockid>
      <transform>
        <basemusclescale>0.892805</basemusclescale>
        <scale>1.077880</scale>
        <position>-0.560829,0.000871262,0.331007</position>
        <triangledirection>-0.0148423,0.512382,0.858628</triangledirection>
        <trianglepickorigin>0,0,0</trianglepickorigin>
        <orientation>
          <row0>0.109993,-0.852673,0.510731</row0>
          <row1>-0.0148423,0.512382,0.858628</row1>
          <row2>-0.993821,-0.102023,0.0437030</row2>
        </orientation>
        <userorientation>
          <userorientation_row0>0.866025,0,-0.499999</userorientation_row0>
          <userorientation_row1>0,1,0</userorientation_row1>
          <userorientation_row2>0.499999,0,0.866025</userorientation_row2>
        </userorientation>
      </transform>
      <snapped>true</snapped>
      <symmetric>49</symmetric>
      <isasymmetric>false</isasymmetric>
    </blockref>
    <blockref>
      <blockid>0x40626000, 0xd621ad4b</blockid>
      <transform>
        <limbtype>1</limbtype>
        <musclescale>0.275000</musclescale>
        <basemusclescale>0.550000</basemusclescale>
        <scale>1</scale>
        <position>0.333874,0.136105,0.689212</position>
        <triangledirection>-0.839248,0.0378764,0.542425</triangledirection>
        <trianglepickorigin>0,0,0</trianglepickorigin>
        <orientation>
          <row0>0.278483,-0.826862,0.488614</row0>
          <row1>-0.839248,0.0378764,0.542425</row1>
          <row2>-0.467018,-0.561126,-0.683396</row2>
        </orientation>
      </transform>
      <snapped>false</snapped>
      <childlist count="1">
        <childid>48</childid>
      </childlist>
      <symmetric>44</symmetric>
      <handles count="1">
        <weight channel="0xf320ba37">0.0808547</weight>
      </handles>
      <isasymmetric>false</isasymmetric>
    </blockref>
    <blockref>
      <blockid>0x40626000, 0xd621ad4b</blockid>
      <transform>
        <limbtype>1</limbtype>
        <musclescale>1</musclescale>
        <basemusclescale>0.650000</basemusclescale>
        <scale>1</scale>
        <position>0.564445,0.125698,0.540189</position>
        <triangledirection>0.0148423,0.512382,0.858628</triangledirection>
        <trianglepickorigin>0,0,0</trianglepickorigin>
        <orientation>
          <row0>0.278483,-0.826862,0.488614</row0>
          <row1>0.0148423,0.512382,0.858628</row1>
          <row2>-0.960326,-0.231862,0.154963</row2>
        </orientation>
      </transform>
      <snapped>true</snapped>
      <childlist count="1">
        <childid>49</childid>
      </childlist>
      <symmetric>45</symmetric>
      <handles count="1">
        <weight channel="0xf320ba37">0.0703619</weight>
      </handles>
      <isasymmetric>false</isasymmetric>
    </blockref>
    <blockref>
      <blockid>0x40626000, 0x0df11468</blockid>
      <transform>
        <basemusclescale>0.892805</basemusclescale>
        <scale>1.077880</scale>
